00003688810
00103688846
00203688872
00303688807
00403688825
00503688851
00603688888
00703688804
00803688830
00903688867
01003688837
01103688863
01203688890
01303688816
01403688842
01503688879
01603688803
01703688821
01803688858
01903688884
02003688854
02103688880
02203688807
02303688833
02403688860
02503688896
02603688812
02703688849
02803688875
02903688800
03003688871
03103688806
03203688824
03303688850
03403688887
03503688803
03603688830
03703688866
03803688892
03903688819
04003688899
04103688815
04203688841
04303688878
04403688802
04503688820
04603688857
04703688883
04803688800
04903688836
05003688806
05103688832
05203688869
05303688895
05403688811
05503688848
05603688874
05703688809
05803688827
05903688853
06003688823
06103688850
06203688886
06303688802
06403688839
06503688865
06603688891
06703688818
06803688844
06903688870
07003688840
07103688877
07203688801
07303688820
07403688856
07503688882
07603688809
07703688835
07803688861
07903688898
08003688868
08103688894
08203688810
08303688847
08403688873
08503688808
08603688826
08703688852
08803688889
08903688805
09003688885
09103688801
09203688838
09303688864
09403688890
09503688817
09603688843
09703688870
09803688804
09903688822
10003688828
10103688854
10203688880
10303688807
10403688833
10503688860
10603688896
10703688812
10803688849
10903688875
11003688845
11103688871
11203688806
11303688824
11403688850
11503688887
11603688803
11703688830
11803688866
11903688892
12003688862
12103688899
12203688815
12303688841
12403688878
12503688802
12603688820
12703688857
12803688883
12903688800
13003688880
13103688806
13203688832
13303688869
13403688895
13503688811
13603688848
13703688874
13803688809
13903688827
14003688805
14103688823
14203688850
14303688886
14403688802
14503688839
14603688865
14703688891
14803688818
14903688844
15003688814
15103688840
15203688877
15303688801
15403688820
15503688856
15603688882
15703688809
15803688835
15903688861
16003688831
16103688868
16203688894
16303688810
16403688847
16503688873
16603688808
16703688826
16803688852
16903688889
17003688859
17103688885
17203688801
17303688838
17403688864
17503688890
17603688817
17703688843
17803688870
17903688804
18003688876
18103688800
18203688829
18303688855
18403688881
18503688808
18603688834
18703688860
18803688897
18903688813
19003688893
19103688810
19203688846
19303688872
19403688807
19503688825
19603688851
19703688888
19803688804
19903688830
20003688836
20103688862
20203688899
20303688815
20403688841
20503688878
20603688802
20703688820
20803688857
20903688883
21003688853
21103688880
21203688806
21303688832
21403688869
21503688895
21603688811
21703688848
21803688874
21903688809
22003688870
22103688805
22203688823
22303688850
22403688886
22503688802
22603688839
22703688865
22803688891
22903688818
23003688898
23103688814
23203688840
23303688877
23403688801
23503688820
23603688856
23703688882
23803688809
23903688835
24003688805
24103688831
24203688868
24303688894
24403688810
24503688847
24603688873
24703688808
24803688826
24903688852
25003688822
25103688859
25203688885
25303688801
25403688838
25503688864
25603688890
25703688817
25803688843
25903688870
26003688840
26103688876
26203688800
26303688829
26403688855
26503688881
26603688808
26703688834
26803688860
26903688897
27003688867
27103688893
27203688810
27303688846
27403688872
27503688807
27603688825
27703688851
27803688888
27903688804
28003688884
28103688800
28203688837
28303688863
28403688890
28503688816
28603688842
28703688879
28803688803
28903688821
29003688800
29103688828
29203688854
29303688880
29403688807
29503688833
29603688860
29703688896
29803688812
29903688849
30003688844
30103688870
30203688805
30303688823
30403688850
30503688886
30603688802
30703688839
30803688865
30903688891
31003688861
31103688898
31203688814
31303688840
31403688877
31503688801
31603688820
31703688856
31803688882
31903688809
32003688889
32103688805
32203688831
32303688868
32403688894
32503688810
32603688847
32703688873
32803688808
32903688826
33003688804
33103688822
33203688859
33303688885
33403688801
33503688838
33603688864
33703688890
33803688817
33903688843
34003688813
34103688840
34203688876
34303688800
34403688829
34503688855
34603688881
34703688808
34803688834
34903688860
35003688830
35103688867
35203688893
35303688810
35403688846
35503688872
35603688807
35703688825
35803688851
35903688888
36003688858
36103688884
36203688800
36303688837
36403688863
36503688890
36603688816
36703688842
36803688879
36903688803
37003688875
37103688800
37203688828
37303688854
37403688880
37503688807
37603688833
37703688860
37803688896
37903688812
38003688892
38103688819
38203688845
38303688871
38403688806
38503688824
38603688850
38703688887
38803688803
38903688830
39003688800
39103688836
39203688862
39303688899
39403688815
39503688841
39603688878
39703688802
39803688820
39903688857
40003688852
40103688889
40203688805
40303688831
40403688868
40503688894
40603688810
40703688847
40803688873
40903688808
41003688870
41103688804
41203688822
41303688859
41403688885
41503688801
41603688838
41703688864
41803688890
41903688817
42003688897
42103688813
42203688840
42303688876
42403688800
42503688829
42603688855
42703688881
42803688808
42903688834
43003688804
43103688830
43203688867
43303688893
43403688810
43503688846
43603688872
43703688807
43803688825
43903688851
44003688821
44103688858
44203688884
44303688800
44403688837
44503688863
44603688890
44703688816
44803688842
44903688879
45003688849
45103688875
45203688800
45303688828
45403688854
45503688880
45603688807
45703688833
45803688860
45903688896
46003688866
46103688892
46203688819
46303688845
46403688871
46503688806
46603688824
46703688850
46803688887
46903688803
47003688883
47103688800
47203688836
47303688862
47403688899
47503688815
47603688841
47703688878
47803688802
47903688820
48003688809
48103688827
48203688853
48303688880
48403688806
48503688832
48603688869
48703688895
48803688811
48903688848
49003688818
49103688844
49203688870
49303688805
49403688823
49503688850
49603688886
49703688802
49803688839
49903688865
50003688860
50103688897
50203688813
50303688840
50403688876
50503688800
50603688829
50703688855
50803688881
50903688808
51003688888
51103688804
51203688830
51303688867
51403688893
51503688810
51603688846
51703688872
51803688807
51903688825
52003688803
52103688821
52203688858
52303688884
52403688800
52503688837
52603688863
52703688890
52803688816
52903688842
53003688812
53103688849
53203688875
53303688800
53403688828
53503688854
53603688880
53703688807
53803688833
53903688860
54003688830
54103688866
54203688892
54303688819
54403688845
54503688871
54603688806
54703688824
54803688850
54903688887
55003688857
55103688883
55203688800
55303688836
55403688862
55503688899
55603688815
55703688841
55803688878
55903688802
56003688874
56103688809
56203688827
56303688853
56403688880
56503688806
56603688832
56703688869
56803688895
56903688811
57003688891
57103688818
57203688844
57303688870
57403688805
57503688823
57603688850
57703688886
57803688802
57903688839
58003688809
58103688835
58203688861
58303688898
58403688814
58503688840
58603688877
58703688801
58803688820
58903688856
59003688826
59103688852
59203688889
59303688805
59403688831
59503688868
59603688894
59703688810
59803688847
59903688873
60003688879
60103688803
60203688821
60303688858
60403688884
60503688800
60603688837
60703688863
60803688890
60903688816
61003688896
61103688812
61203688849
61303688875
61403688800
61503688828
61603688854
61703688880
61803688807
61903688833
62003688803
62103688830
62203688866
62303688892
62403688819
62503688845
62603688871
62703688806
62803688824
62903688850
63003688820
63103688857
63203688883
63303688800
63403688836
63503688862
63603688899
63703688815
63803688841
63903688878
64003688848
64103688874
64203688809
64303688827
64403688853
64503688880
64603688806
64703688832
64803688869
64903688895
65003688865
65103688891
65203688818
65303688844
65403688870
65503688805
65603688823
65703688850
65803688886
65903688802
66003688882
66103688809
66203688835
66303688861
66403688898
66503688814
66603688840
66703688877
66803688801
66903688820
67003688808
67103688826
67203688852
67303688889
67403688805
67503688831
67603688868
67703688894
67803688810
67903688847
68003688817
68103688843
68203688870
68303688804
68403688822
68503688859
68603688885
68703688801
68803688838
68903688864
69003688834
69103688860
69203688897
69303688813
69403688840
69503688876
69603688800
69703688829
69803688855
69903688881
70003688887
70103688803
70203688830
70303688866
70403688892
70503688819
70603688845
70703688871
70803688806
70903688824
71003688802
71103688820
71203688857
71303688883
71403688800
71503688836
71603688862
71703688899
71803688815
71903688841
72003688811
72103688848
72203688874
72303688809
72403688827
72503688853
72603688880
72703688806
72803688832
72903688869
73003688839
73103688865
73203688891
73303688818
73403688844
73503688870
73603688805
73703688823
73803688850
73903688886
74003688856
74103688882
74203688809
74303688835
74403688861
74503688898
74603688814
74703688840
74803688877
74903688801
75003688873
75103688808
75203688826
75303688852
75403688889
75503688805
75603688831
75703688868
75803688894
75903688810
76003688890
76103688817
76203688843
76303688870
76403688804
76503688822
76603688859
76703688885
76803688801
76903688838
77003688808
77103688834
77203688860
77303688897
77403688813
77503688840
77603688876
77703688800
77803688829
77903688855
78003688825
78103688851
78203688888
78303688804
78403688830
78503688867
78603688893
78703688810
78803688846
78903688872
79003688842
79103688879
79203688803
79303688821
79403688858
79503688884
79603688800
79703688837
79803688863
79903688890
80003688895
80103688811
80203688848
80303688874
80403688809
80503688827
80603688853
80703688880
80803688806
80903688832
81003688802
81103688839
81203688865
81303688891
81403688818
81503688844
81603688870
81703688805
81803688823
81903688850
82003688820
82103688856
82203688882
82303688809
82403688835
82503688861
82603688898
82703688814
82803688840
82903688877
83003688847
83103688873
83203688808
83303688826
83403688852
83503688889
83603688805
83703688831
83803688868
83903688894
84003688864
84103688890
84203688817
84303688843
84403688870
84503688804
84603688822
84703688859
84803688885
84903688801
85003688881
85103688808
85203688834
85303688860
85403688897
85503688813
85603688840
85703688876
85803688800
85903688829
86003688807
86103688825
86203688851
86303688888
86403688804
86503688830
86603688867
86703688893
86803688810
86903688846
87003688816
87103688842
87203688879
87303688803
87403688821
87503688858
87603688884
87703688800
87803688837
87903688863
88003688833
88103688860
88203688896
88303688812
88403688849
88503688875
88603688800
88703688828
88803688854
88903688880
89003688850
89103688887
89203688803
89303688830
89403688866
89503688892
89603688819
89703688845
89803688871
89903688806
90003688801
90103688820
90203688856
90303688882
90403688809
90503688835
90603688861
90703688898
90803688814
90903688840
91003688810
91103688847
91203688873
91303688808
91403688826
91503688852
91603688889
91703688805
91803688831
91903688868
92003688838
92103688864
92203688890
92303688817
92403688843
92503688870
92603688804
92703688822
92803688859
92903688885
93003688855
93103688881
93203688808
93303688834
93403688860
93503688897
93603688813
93703688840
93803688876
93903688800
94003688872
94103688807
94203688825
94303688851
94403688888
94503688804
94603688830
94703688867
94803688893
94903688810
95003688890
95103688816
95203688842
95303688879
95403688803
95503688821
95603688858
95703688884
95803688800
95903688837
96003688807
96103688833
96203688860
96303688896
96403688812
96503688849
96603688875
96703688800
96803688828
96903688854
97003688824
97103688850
97203688887
97303688803
97403688830
97503688866
97603688892
97703688819
97803688845
97903688871
98003688841
98103688878
98203688802
98303688820
98403688857
98503688883
98603688800
98703688836
98803688862
98903688899
99003688869
99103688895
99203688811
99303688848
99403688874
99503688809
99603688827
99703688853
99803688880
99903688806